,Ladder score,Logged GDP per capita,Social support,Healthy life expectancy,Freedom to make life choices,Generosity,Perceptions of corruption
Ladder score,1.0,0.85,0.84,0.89,0.81,-0.17,-0.49
Logged GDP per capita,0.85,1.0,0.75,0.92,0.66,-0.32,-0.47
Social support,0.84,0.75,1.0,0.78,0.81,-0.25,-0.39
Healthy life expectancy,0.89,0.92,0.78,1.0,0.77,-0.28,-0.53
Freedom to make life choices,0.81,0.66,0.81,0.77,1.0,0.07,-0.56
Generosity,-0.17,-0.32,-0.25,-0.28,0.07,1.0,-0.17
Perceptions of corruption,-0.49,-0.47,-0.39,-0.53,-0.56,-0.17,1.0
