,Ladder score,Logged GDP per capita,Social support,Healthy life expectancy,Freedom to make life choices,Generosity,Perceptions of corruption
Ladder score,1.0,0.94,0.76,0.88,0.79,0.04,-0.42
Logged GDP per capita,0.94,1.0,0.68,0.93,0.69,-0.12,-0.31
Social support,0.76,0.68,1.0,0.7,0.76,-0.18,-0.21
Healthy life expectancy,0.88,0.93,0.7,1.0,0.75,-0.17,-0.39
Freedom to make life choices,0.79,0.69,0.76,0.75,1.0,0.22,-0.55
Generosity,0.04,-0.12,-0.18,-0.17,0.22,1.0,-0.49
Perceptions of corruption,-0.42,-0.31,-0.21,-0.39,-0.55,-0.49,1.0
